GroupedStarted
GroupedStarted
Triangle 200.000000 200.000000 300.000000 300.000000 450.000000 250.000000 353.999878 -81.000015 1783403454 255 2.000000
Triangle 200.000000 600.000000 300.000000 200.000000 325.000000 175.000000 528.999878 -109.000000 1783403454 255 2.000000
Triangle 135.000000 215.000000 305.000000 135.000000 115.000000 115.000000 303.999878 -21.000000 1783403454 255 2.000000
GroupedEnded
GroupedStarted
Rectangle 147.999939 143.000000 50.000000 10.000000 4000075198 255 2.000000
Circle 256.999939 144.000000 50.000000 310551230 255 2.000000
GroupedEnded
GroupedEnded
GroupedStarted
Rectangle 49.000000 649.000000 300.000000 150.000000 4000075198 255 2.000000
GroupedStarted
Rectangle 372.000061 517.999939 150.000000 220.000000 4000075198 255 2.000000
Circle 529.999878 571.999817 80.000000 310551230 255 2.000000
GroupedEnded
GroupedEnded
